NACA 6414 Airfoil M=6.0% P=42.0% T=14.0%
  1.000298  0.001440
  0.994893  0.003482
  0.978773  0.009468
  0.952220  0.018980
  0.915713  0.031372
  0.869933  0.045828
  0.815769  0.061423
  0.754310  0.077194
  0.686839  0.092187
  0.614810  0.105502
  0.539826  0.116332
  0.463613  0.123998
  0.387290  0.127820
  0.312456  0.126186
  0.242037  0.119026
  0.177964  0.107012
  0.121953  0.091186
  0.075418  0.072838
  0.039422  0.053361
  0.014665  0.034073
  0.001506  0.016052
  0.000000  0.000000
  0.009663 -0.012882
  0.029762 -0.021715
  0.059609 -0.026734
  0.098343 -0.028327
  0.144996 -0.027034
  0.198546 -0.023547
  0.257963 -0.018686
  0.322203 -0.013357
  0.390189 -0.008485
  0.461657 -0.004646
  0.534904 -0.001246
  0.607711  0.001449
  0.678502  0.003201
  0.745690  0.003959
  0.807721  0.003833
  0.863119  0.003048
  0.910526  0.001886
  0.948749  0.000635
  0.976800 -0.000452
  0.993937 -0.001183
  0.999702 -0.001440
